16
4 0.36
15 0.21
27 0.351
35 0.286
46 0.3128
56 0.572
64 0.736
72 0.73
84 0.406
94 0.664
109 0.655
116 0.656
122 0.8896
133.2 0.634
146 0.558
159 0.518
--------Linear--------
15
4 0.3696
15 0.14625
27 0.42009
35 0.20525
46 0.32456
56 0.5756
64 0.8308
72 0.6508
84 0.4456
94 0.6728
109 0.5461
116 0.418
122 0.5032
133.2 1.5541
146 0.332
--------Quad--------
13
4 0.183125
15 0.366946
27 0.28675
35 0.282897
46 0.579408
56 0.78216
64 0.736259
72 0.36113
84 0.692825
94 0.622337
109 0.496956
116 0.66449
122 1.00806
--------Cubic--------
